function xp = simulate_blue_rov_model(x,u,stepSize)
%SIMULATE_BLUE_ROV_MODEL Summary of this function goes here
%   Detailed explanation goes here
%A = [0.0207978938848653,-0.00487482061980201,-0.653951884222982,49.901535306596;0.00434090889947532,-0.00156037001969204,0.234433262882042,6.56962847488408;0.00527807953981805,-0.00147433240308297,-0.0979512773326852,3.91423224377357;3.13149218833102e-05,-1.30669594168041e-05,-0.000867918011598518,0.0197314845598603];
%B = [-4.76385356645679e-05,-42.3814058135399;0.000115395611604092,-5.33379160846545;0.000233366551837508,-3.22872306599432;1.97561250732645e-05,-0.0153001805871252];
%inner_state= [x(1);x(2);x(3);x(4)];
%A = [0.023958012604198,-0.00754426244861595,-0.228713758758365;0.0145476469840785,-0.00514849711137966,0.126125051255195;0.00478051448752017,-0.00112776837018918,-0.0241983945319672];
%B = [-0.0041800396748905,0.674732988386085;0.0106735478113772,0.732705202431533;-0.00330784694189368,0.0406007324354209];

%A = [0.00498927278159024,-0.00223672221562356,-0.131047698498735;0.000866141129732425,6.7779557341639e-05,0.280866352009697;0.00251047916870906,-0.00152482013755708,-0.0550211458590531];
%B = [-1.89259628544288e-05,0.290680599964534;0.000119754962817709,0.127311458346654;-0.00120277796056619,0.204292185523768];

A = [-0.0167278303861544,-0.00565828993837386,-0.122129067035888;0.0167004068426322,0.0091153558372474,0.0645991882008384;0.00203452407225429,0.00135414624884792,-0.00412861249611667];
B = [-0.00163654561701182,-0.0508060539566901;-0.00103537479208736,0.367906193240552;0.000133787496196076,-0.0289357049411593];
inner_state= [x(1);x(2);x(3)];
ut = [u(1);u(2)];
dxut = A * inner_state + B* ut;
xp = inner_state + (stepSize * dxut);
end

